1.40000000e+00,1.06699855e-07,5.70000000e-02,9.04070000e+01,8.04000000e-01,7.92000000e+00,8.12000000e-01,1.00000000e-01
1.50000000e+00,1.98765806e-07,4.05000000e-01,8.87370000e+01,1.58500000e+00,7.84700000e+00,1.42600000e+00,1.00000000e-01
1.60000000e+00,2.44844718e-07,8.00000000e-01,8.63540000e+01,2.32000000e+00,8.84800000e+00,1.67800000e+00,1.00000000e-01
1.70000000e+00,2.79196830e-07,1.51300000e+00,8.33680000e+01,3.12400000e+00,9.92000000e+00,2.07500000e+00,1.00000000e-01
1.80000000e+00,3.29024990e-07,2.74600000e+00,7.98460000e+01,5.18000000e+00,9.18400000e+00,3.04400000e+00,1.00000000e-01
1.90000000e+00,3.64539402e-07,4.52600000e+00,7.54930000e+01,7.23100000e+00,9.01000000e+00,3.74000000e+00,1.00000000e-01
2.00000000e+00,4.02475401e-07,5.70300000e+00,7.10230000e+01,8.34000000e+00,1.10050000e+01,3.92900000e+00,1.00000000e-01
2.10000000e+00,4.53084548e-07,8.14700000e+00,6.61610000e+01,1.07540000e+01,1.00990000e+01,4.83900000e+00,1.00000000e-01
2.20000000e+00,4.88859344e-07,1.06570000e+01,6.12030000e+01,1.32470000e+01,9.43700000e+00,5.45600000e+00,1.00000000e-01
2.30000000e+00,5.38835542e-07,1.34320000e+01,5.58500000e+01,1.54850000e+01,9.19900000e+00,6.03400000e+00,1.00000000e-01
2.40000000e+00,5.66941263e-07,1.58700000e+01,5.09020000e+01,1.72940000e+01,9.52200000e+00,6.41200000e+00,1.00000000e-01
2.50000000e+00,6.10026087e-07,1.95780000e+01,4.55040000e+01,2.00070000e+01,7.79700000e+00,7.11400000e+00,1.00000000e-01
2.60000000e+00,6.44870297e-07,2.21980000e+01,4.07110000e+01,2.17270000e+01,7.79700000e+00,7.56700000e+00,1.00000000e-01
2.70000000e+00,6.57957781e-07,2.37980000e+01,3.58070000e+01,2.20490000e+01,1.03520000e+01,7.99400000e+00,1.00000000e-01
2.80000000e+00,6.81615322e-07,2.50560000e+01,3.11720000e+01,2.19610000e+01,1.35200000e+01,8.29100000e+00,1.00000000e-01
2.90000000e+00,7.01342591e-07,2.48990000e+01,2.71070000e+01,2.01570000e+01,1.94750000e+01,8.36200000e+00,1.00000000e-01
3.00000000e+00,6.94150342e-07,2.47370000e+01,2.33490000e+01,1.86300000e+01,2.44350000e+01,8.84900000e+00,1.00000000e-01
3.10000000e+00,6.99672581e-07,2.56660000e+01,1.98850000e+01,1.90410000e+01,2.52110000e+01,1.01970000e+01,1.00000000e-01
3.20000000e+00,6.95025761e-07,2.66590000e+01,1.69820000e+01,1.83240000e+01,2.75180000e+01,1.05170000e+01,1.00000000e-01
3.30000000e+00,7.09163347e-07,2.85950000e+01,1.41320000e+01,1.83840000e+01,2.75740000e+01,1.13150000e+01,1.00000000e-01
3.40000000e+00,7.10476281e-07,2.96410000e+01,1.17460000e+01,1.78620000e+01,2.85530000e+01,1.21980000e+01,1.00000000e-01
3.50000000e+00,7.21303138e-07,2.91270000e+01,9.56100000e+00,1.62090000e+01,3.22360000e+01,1.28670000e+01,1.00000000e-01
3.60000000e+00,7.25321791e-07,3.05160000e+01,7.63600000e+00,1.60810000e+01,3.13670000e+01,1.44000000e+01,1.00000000e-01
3.70000000e+00,7.14731138e-07,2.99530000e+01,6.41900000e+00,1.39420000e+01,3.49610000e+01,1.47250000e+01,1.00000000e-01
3.80000000e+00,7.07146427e-07,3.19900000e+01,5.07300000e+00,1.47760000e+01,3.20890000e+01,1.60720000e+01,1.00000000e-01
3.90000000e+00,7.23187750e-07,3.30320000e+01,4.01300000e+00,1.39020000e+01,3.23660000e+01,1.66870000e+01,1.00000000e-01
4.00000000e+00,7.22662734e-07,3.44110000e+01,3.10100000e+00,1.32090000e+01,3.20130000e+01,1.72660000e+01,1.00000000e-01
4.10000000e+00,7.37097100e-07,3.58880000e+01,2.41500000e+00,1.28660000e+01,3.10660000e+01,1.77650000e+01,1.00000000e-01
4.20000000e+00,7.01927080e-07,3.50510000e+01,1.89900000e+00,1.25440000e+01,3.05050000e+01,2.00010000e+01,1.00000000e-01
4.30000000e+00,7.34848593e-07,3.83680000e+01,1.38600000e+00,1.17840000e+01,2.92750000e+01,1.91870000e+01,1.00000000e-01
4.40000000e+00,7.11995161e-07,3.67710000e+01,1.07500000e+00,1.12900000e+01,2.93840000e+01,2.14800000e+01,1.00000000e-01
4.50000000e+00,7.32243181e-07,3.75970000e+01,8.25000000e-01,9.76100000e+00,3.16690000e+01,2.01480000e+01,1.00000000e-01
4.60000000e+00,7.48530849e-07,4.00730000e+01,6.22000000e-01,9.93400000e+00,2.86560000e+01,2.07150000e+01,1.00000000e-01
4.70000000e+00,7.37567203e-07,3.89640000e+01,4.25000000e-01,9.73700000e+00,2.78810000e+01,2.29930000e+01,1.00000000e-01
4.80000000e+00,7.47869739e-07,3.93450000e+01,3.30000000e-01,9.18300000e+00,2.79900000e+01,2.31520000e+01,1.00000000e-01
4.90000000e+00,7.58576197e-07,4.01880000e+01,2.62000000e-01,8.97600000e+00,2.67980000e+01,2.37760000e+01,1.00000000e-01
5.00000000e+00,7.81797960e-07,3.16050000e+01,1.61000000e-01,6.42700000e+00,3.85980000e+01,2.32090000e+01,1.00000000e-01
5.10000000e+00,8.09285761e-07,4.34870000e+01,1.07000000e-01,7.76800000e+00,2.56320000e+01,2.30060000e+01,1.00000000e-01
5.20000000e+00,8.13690092e-07,4.46480000e+01,8.50000000e-02,7.50200000e+00,2.46890000e+01,2.30760000e+01,1.00000000e-01
5.30000000e+00,8.44298930e-07,4.24550000e+01,5.30000000e-02,7.29000000e+00,2.50670000e+01,2.51350000e+01,1.00000000e-01
5.40000000e+00,8.19872466e-07,4.42380000e+01,3.30000000e-02,6.92200000e+00,2.39480000e+01,2.48590000e+01,1.00000000e-01
5.50000000e+00,8.57885994e-07,4.48850000e+01,3.00000000e-02,6.52800000e+00,2.33770000e+01,2.51800000e+01,1.00000000e-01
5.60000000e+00,8.52077215e-07,4.48980000e+01,3.10000000e-02,6.71900000e+00,2.19440000e+01,2.64080000e+01,1.00000000e-01
5.70000000e+00,8.54632906e-07,4.42830000e+01,9.00000000e-03,6.17000000e+00,2.20040000e+01,2.75340000e+01,1.00000000e-01
5.80000000e+00,9.01236441e-07,4.45300000e+01,9.00000000e-03,5.91100000e+00,2.25920000e+01,2.69580000e+01,1.00000000e-01
5.90000000e+00,9.13933950e-07,4.52880000e+01,6.00000000e-03,5.82100000e+00,2.10450000e+01,2.78400000e+01,1.00000000e-01
6.00000000e+00,9.24865116e-07,4.56890000e+01,5.00000000e-03,5.97500000e+00,1.95680000e+01,2.87630000e+01,1.00000000e-01
6.10000000e+00,9.14446383e-07,4.59420000e+01,0.00000000e+00,5.44400000e+00,2.01440000e+01,2.84700000e+01,1.00000000e-01
1.40000000e+00,1.23688700e-07,9.90000000e-02,9.02880000e+01,1.00400000e+00,7.61000000e+00,9.99000000e-01,1.00000000e-01
1.50000000e+00,2.00625814e-07,3.37000000e-01,8.86900000e+01,1.38700000e+00,8.40400000e+00,1.18200000e+00,1.00000000e-01
1.60000000e+00,2.45550983e-07,7.78000000e-01,8.64080000e+01,2.24300000e+00,9.06000000e+00,1.51100000e+00,1.00000000e-01
1.70000000e+00,2.83222261e-07,1.41800000e+00,8.33940000e+01,3.15900000e+00,1.00130000e+01,2.01600000e+00,1.00000000e-01
1.80000000e+00,3.30243583e-07,2.79600000e+00,7.97370000e+01,5.19800000e+00,9.41900000e+00,2.85000000e+00,1.00000000e-01
1.90000000e+00,3.67399320e-07,4.29000000e+00,7.54770000e+01,6.82800000e+00,9.98500000e+00,3.42000000e+00,1.00000000e-01
2.00000000e+00,4.07027904e-07,6.30400000e+00,7.09760000e+01,9.26000000e+00,9.11400000e+00,4.34600000e+00,1.00000000e-01
2.10000000e+00,4.58019545e-07,8.05300000e+00,6.62560000e+01,1.07920000e+01,1.03350000e+01,4.56400000e+00,1.00000000e-01
2.20000000e+00,5.04148776e-07,1.08310000e+01,6.13070000e+01,1.30220000e+01,9.63400000e+00,5.20600000e+00,1.00000000e-01
2.30000000e+00,5.53079397e-07,1.34850000e+01,5.62370000e+01,1.56390000e+01,8.90100000e+00,5.73800000e+00,1.00000000e-01
2.40000000e+00,5.82534688e-07,1.64120000e+01,5.06810000e+01,1.78380000e+01,8.67900000e+00,6.39000000e+00,1.00000000e-01
2.50000000e+00,6.13048985e-07,1.97300000e+01,4.54670000e+01,2.05330000e+01,7.17500000e+00,7.09500000e+00,1.00000000e-01
2.60000000e+00,6.31856429e-07,2.19740000e+01,4.06350000e+01,2.12340000e+01,8.39800000e+00,7.75900000e+00,1.00000000e-01
2.70000000e+00,6.60915421e-07,2.42080000e+01,3.57620000e+01,2.24550000e+01,9.64000000e+00,7.93500000e+00,1.00000000e-01
2.80000000e+00,6.81385460e-07,2.52400000e+01,3.13960000e+01,2.19450000e+01,1.32360000e+01,8.18300000e+00,1.00000000e-01
2.90000000e+00,7.00037574e-07,2.47580000e+01,2.71270000e+01,2.00430000e+01,1.97470000e+01,8.32500000e+00,1.00000000e-01
3.00000000e+00,7.10408798e-07,2.48730000e+01,2.34790000e+01,1.92950000e+01,2.32210000e+01,9.13200000e+00,1.00000000e-01
3.10000000e+00,6.94973328e-07,2.57550000e+01,1.98470000e+01,1.87010000e+01,2.55640000e+01,1.01330000e+01,1.00000000e-01
3.20000000e+00,7.04551919e-07,2.72630000e+01,1.68530000e+01,1.89470000e+01,2.61440000e+01,1.07930000e+01,1.00000000e-01
3.30000000e+00,7.06506026e-07,2.86340000e+01,1.39870000e+01,1.84070000e+01,2.78240000e+01,1.11480000e+01,1.00000000e-01
3.40000000e+00,7.09602465e-07,2.90170000e+01,1.14770000e+01,1.77210000e+01,2.93910000e+01,1.23940000e+01,1.00000000e-01
3.50000000e+00,7.17408473e-07,2.95610000e+01,9.54800000e+00,1.72740000e+01,2.99000000e+01,1.37170000e+01,1.00000000e-01
3.60000000e+00,7.20967949e-07,2.99340000e+01,7.84100000e+00,1.52080000e+01,3.31640000e+01,1.38530000e+01,1.00000000e-01
3.70000000e+00,7.04438654e-07,2.97160000e+01,6.33100000e+00,1.46410000e+01,3.42020000e+01,1.51100000e+01,1.00000000e-01
3.80000000e+00,7.18487432e-07,3.22500000e+01,4.97500000e+00,1.48870000e+01,3.15860000e+01,1.63020000e+01,1.00000000e-01
3.90000000e+00,6.96514488e-07,3.12280000e+01,4.09400000e+00,1.33640000e+01,3.41340000e+01,1.71800000e+01,1.00000000e-01
4.00000000e+00,7.22712418e-07,3.40650000e+01,3.14500000e+00,1.33620000e+01,3.21070000e+01,1.73210000e+01,1.00000000e-01
4.10000000e+00,7.34002438e-07,3.59180000e+01,2.38600000e+00,1.31830000e+01,3.03950000e+01,1.81180000e+01,1.00000000e-01
4.20000000e+00,7.12881876e-07,3.62450000e+01,1.94500000e+00,1.25640000e+01,2.97720000e+01,1.94740000e+01,1.00000000e-01
4.30000000e+00,7.26787645e-07,3.67770000e+01,1.41900000e+00,1.12570000e+01,3.14680000e+01,1.90790000e+01,1.00000000e-01
4.40000000e+00,7.51219068e-07,3.80430000e+01,1.10500000e+00,1.05560000e+01,3.09880000e+01,1.93080000e+01,1.00000000e-01
4.50000000e+00,7.57440762e-07,4.02480000e+01,8.30000000e-01,1.04100000e+01,2.88120000e+01,1.97000000e+01,1.00000000e-01
4.60000000e+00,7.19761757e-07,3.90540000e+01,5.81000000e-01,1.04360000e+01,2.73230000e+01,2.26060000e+01,1.00000000e-01
4.70000000e+00,7.38964129e-07,3.79870000e+01,4.42000000e-01,9.60900000e+00,2.83860000e+01,2.35760000e+01,1.00000000e-01
4.80000000e+00,7.46453173e-07,3.96600000e+01,3.58000000e-01,9.87400000e+00,2.59690000e+01,2.41390000e+01,1.00000000e-01
4.90000000e+00,7.51296804e-07,4.15790000e+01,2.65000000e-01,8.92600000e+00,2.62150000e+01,2.30150000e+01,1.00000000e-01
5.00000000e+00,7.79066510e-07,4.24220000e+01,1.69000000e-01,8.29000000e+00,2.59590000e+01,2.31600000e+01,1.00000000e-01
5.10000000e+00,7.78571446e-07,4.18460000e+01,1.43000000e-01,7.70600000e+00,2.61760000e+01,2.41290000e+01,1.00000000e-01
5.20000000e+00,8.42044859e-07,4.48220000e+01,9.90000000e-02,7.28000000e+00,2.56670000e+01,2.21320000e+01,1.00000000e-01
5.30000000e+00,8.03952035e-07,4.35910000e+01,6.10000000e-02,7.07100000e+00,2.43900000e+01,2.48870000e+01,1.00000000e-01
5.40000000e+00,8.62684679e-07,4.47180000e+01,3.90000000e-02,6.88000000e+00,2.34590000e+01,2.49040000e+01,1.00000000e-01
5.50000000e+00,8.55656069e-07,4.36990000e+01,3.40000000e-02,6.89100000e+00,2.24340000e+01,2.69420000e+01,1.00000000e-01
5.60000000e+00,8.75194138e-07,4.67130000e+01,1.50000000e-02,6.58100000e+00,2.20940000e+01,2.45970000e+01,1.00000000e-01
5.70000000e+00,8.65028439e-07,4.47550000e+01,1.30000000e-02,6.31200000e+00,2.19100000e+01,2.70100000e+01,1.00000000e-01
5.80000000e+00,8.93971980e-07,4.48730000e+01,1.10000000e-02,6.05400000e+00,2.15410000e+01,2.75210000e+01,1.00000000e-01
5.90000000e+00,9.26888927e-07,4.65140000e+01,3.00000000e-03,5.51100000e+00,2.17650000e+01,2.62070000e+01,1.00000000e-01
6.00000000e+00,9.00996687e-07,4.58400000e+01,3.00000000e-03,5.19000000e+00,2.19150000e+01,2.70520000e+01,1.00000000e-01
6.10000000e+00,9.09240669e-07,4.68270000e+01,3.00000000e-03,4.90300000e+00,2.12370000e+01,2.70300000e+01,1.00000000e-01
1.40000000e+00,1.31385921e-07,3.90000000e-02,9.04300000e+01,6.15000000e-01,8.32200000e+00,5.94000000e-01,1.00000000e-01
1.50000000e+00,2.13035713e-07,1.84000000e-01,8.87790000e+01,7.49000000e-01,9.63800000e+00,6.50000000e-01,1.00000000e-01
1.60000000e+00,2.45613327e-07,5.53000000e-01,8.65990000e+01,1.41600000e+00,1.03550000e+01,1.07700000e+00,1.00000000e-01
1.70000000e+00,2.92378521e-07,9.11000000e-01,8.33650000e+01,1.92500000e+00,1.24740000e+01,1.32500000e+00,1.00000000e-01
1.80000000e+00,3.20474132e-07,1.85100000e+00,7.96720000e+01,3.31800000e+00,1.31080000e+01,2.05100000e+00,1.00000000e-01
1.90000000e+00,3.50430899e-07,2.36300000e+00,7.56010000e+01,3.70800000e+00,1.61390000e+01,2.18900000e+00,1.00000000e-01
2.00000000e+00,4.08648357e-07,4.00900000e+00,7.11320000e+01,5.65500000e+00,1.63660000e+01,2.83800000e+00,1.00000000e-01
2.10000000e+00,4.44496019e-07,5.07600000e+00,6.63670000e+01,6.73000000e+00,1.85930000e+01,3.23400000e+00,1.00000000e-01
2.20000000e+00,4.91159493e-07,7.30700000e+00,6.11370000e+01,8.69300000e+00,1.89280000e+01,3.93500000e+00,1.00000000e-01
2.30000000e+00,5.46137332e-07,9.05700000e+00,5.57560000e+01,9.69600000e+00,2.13600000e+01,4.13100000e+00,1.00000000e-01
2.40000000e+00,5.72712062e-07,1.18290000e+01,5.09130000e+01,1.21480000e+01,1.97750000e+01,5.33500000e+00,1.00000000e-01
2.50000000e+00,5.85622232e-07,1.47760000e+01,4.54880000e+01,1.44590000e+01,1.92670000e+01,6.01000000e+00,1.00000000e-01
2.60000000e+00,6.14042180e-07,1.66760000e+01,4.05670000e+01,1.56130000e+01,2.05160000e+01,6.62800000e+00,1.00000000e-01
2.70000000e+00,6.34475816e-07,1.82320000e+01,3.59240000e+01,1.59320000e+01,2.28550000e+01,7.05700000e+00,1.00000000e-01
2.80000000e+00,6.71637562e-07,2.18860000e+01,3.12500000e+01,1.82670000e+01,2.11430000e+01,7.45400000e+00,1.00000000e-01
2.90000000e+00,6.85850626e-07,2.12100000e+01,2.73180000e+01,1.59410000e+01,2.78660000e+01,7.66500000e+00,1.00000000e-01
3.00000000e+00,7.01598554e-07,2.15400000e+01,2.34360000e+01,1.48390000e+01,3.23490000e+01,7.83600000e+00,1.00000000e-01
3.10000000e+00,7.08559609e-07,2.17220000e+01,1.99330000e+01,1.40780000e+01,3.59150000e+01,8.35200000e+00,1.00000000e-01
3.20000000e+00,7.00317913e-07,2.16670000e+01,1.69610000e+01,1.23160000e+01,4.03800000e+01,8.67600000e+00,1.00000000e-01
3.30000000e+00,7.05364767e-07,2.31890000e+01,1.40750000e+01,1.25370000e+01,4.05500000e+01,9.64900000e+00,1.00000000e-01
3.40000000e+00,7.15138410e-07,2.50100000e+01,1.16700000e+01,1.30280000e+01,3.95620000e+01,1.07300000e+01,1.00000000e-01
3.50000000e+00,7.32195576e-07,2.62270000e+01,9.56000000e+00,1.29690000e+01,3.96450000e+01,1.15990000e+01,1.00000000e-01
3.60000000e+00,7.43868638e-07,2.51140000e+01,7.88500000e+00,1.01620000e+01,4.61300000e+01,1.07090000e+01,1.00000000e-01
3.70000000e+00,7.49611955e-07,2.63210000e+01,6.24400000e+00,9.97900000e+00,4.57640000e+01,1.16920000e+01,1.00000000e-01
3.80000000e+00,7.29792138e-07,2.62460000e+01,5.16100000e+00,9.67000000e+00,4.51020000e+01,1.38210000e+01,1.00000000e-01
3.90000000e+00,7.35751361e-07,2.66490000e+01,3.99700000e+00,8.34600000e+00,4.71800000e+01,1.38280000e+01,1.00000000e-01
4.00000000e+00,7.13928438e-07,2.77470000e+01,3.18100000e+00,8.15200000e+00,4.52170000e+01,1.57030000e+01,1.00000000e-01
4.10000000e+00,7.27922498e-07,2.97870000e+01,2.38900000e+00,9.01200000e+00,4.14170000e+01,1.73950000e+01,1.00000000e-01
4.20000000e+00,7.63887174e-07,3.01590000e+01,1.91600000e+00,7.00400000e+00,4.63350000e+01,1.45860000e+01,1.00000000e-01
4.30000000e+00,7.33895548e-07,3.15710000e+01,1.45800000e+00,7.08600000e+00,4.26680000e+01,1.72170000e+01,1.00000000e-01
4.40000000e+00,7.39211783e-07,3.21670000e+01,1.11600000e+00,6.94000000e+00,4.16270000e+01,1.81500000e+01,1.00000000e-01
4.50000000e+00,7.45278782e-07,3.26200000e+01,8.37000000e-01,6.24400000e+00,4.15330000e+01,1.87660000e+01,1.00000000e-01
4.60000000e+00,7.70660962e-07,3.44260000e+01,6.38000000e-01,5.78200000e+00,4.09260000e+01,1.82280000e+01,1.00000000e-01
4.70000000e+00,7.57269348e-07,3.20690000e+01,4.68000000e-01,4.32600000e+00,4.42630000e+01,1.88740000e+01,1.00000000e-01
4.80000000e+00,7.73700067e-07,3.58660000e+01,3.22000000e-01,5.14300000e+00,3.89060000e+01,1.97630000e+01,1.00000000e-01
4.90000000e+00,7.67913066e-07,3.58390000e+01,2.33000000e-01,5.14500000e+00,3.71320000e+01,2.16510000e+01,1.00000000e-01
5.00000000e+00,7.94663988e-07,3.72400000e+01,1.68000000e-01,4.55400000e+00,3.76340000e+01,2.04040000e+01,1.00000000e-01
5.10000000e+00,8.44186926e-07,3.84610000e+01,1.11000000e-01,4.41700000e+00,3.56900000e+01,2.13210000e+01,1.00000000e-01
5.20000000e+00,8.48602007e-07,3.87840000e+01,9.40000000e-02,4.28200000e+00,3.41880000e+01,2.26520000e+01,1.00000000e-01
5.30000000e+00,8.29529286e-07,3.85720000e+01,6.00000000e-02,4.01400000e+00,3.39600000e+01,2.33940000e+01,1.00000000e-01
5.40000000e+00,8.46951238e-07,3.86740000e+01,4.50000000e-02,3.43700000e+00,3.49730000e+01,2.28710000e+01,1.00000000e-01
5.50000000e+00,8.61764818e-07,3.82230000e+01,3.30000000e-02,2.84700000e+00,3.62980000e+01,2.25990000e+01,1.00000000e-01
5.60000000e+00,8.71192807e-07,3.92120000e+01,1.40000000e-02,2.99200000e+00,3.39780000e+01,2.38040000e+01,1.00000000e-01
5.70000000e+00,9.28150706e-07,4.24330000e+01,1.30000000e-02,2.84400000e+00,3.24670000e+01,2.22430000e+01,1.00000000e-01
5.80000000e+00,9.19530262e-07,4.08650000e+01,8.00000000e-03,2.97600000e+00,3.09040000e+01,2.52470000e+01,1.00000000e-01
5.90000000e+00,9.34250208e-07,4.30420000e+01,6.00000000e-03,2.92300000e+00,3.10690000e+01,2.29600000e+01,1.00000000e-01
6.00000000e+00,9.54429332e-07,4.24750000e+01,5.00000000e-03,2.28000000e+00,3.17720000e+01,2.34680000e+01,1.00000000e-01
6.10000000e+00,9.41468038e-07,4.21120000e+01,2.00000000e-03,2.13200000e+00,3.18130000e+01,2.39410000e+01,1.00000000e-01
1.50000000e+00,1.37065299e-07,6.10000000e-02,8.88310000e+01,1.22100000e+00,8.65600000e+00,1.23100000e+00,2.00000000e-01
1.60000000e+00,1.83337081e-07,1.62000000e-01,8.64700000e+01,1.34900000e+00,1.07190000e+01,1.30000000e+00,2.00000000e-01
1.70000000e+00,2.34263796e-07,3.99000000e-01,8.33550000e+01,2.04500000e+00,1.22970000e+01,1.90400000e+00,2.00000000e-01
1.80000000e+00,2.68407067e-07,8.02000000e-01,7.98680000e+01,2.93200000e+00,1.37350000e+01,2.66300000e+00,2.00000000e-01
1.90000000e+00,2.89721234e-07,1.21800000e+00,7.57160000e+01,3.69100000e+00,1.61940000e+01,3.18100000e+00,2.00000000e-01
2.00000000e+00,3.52685511e-07,2.56000000e+00,7.11630000e+01,5.47000000e+00,1.67710000e+01,4.03600000e+00,2.00000000e-01
2.10000000e+00,4.06539675e-07,3.88700000e+00,6.62870000e+01,6.78100000e+00,1.82500000e+01,4.79500000e+00,2.00000000e-01
2.20000000e+00,4.39557958e-07,5.60600000e+00,6.11730000e+01,8.95100000e+00,1.84900000e+01,5.78000000e+00,2.00000000e-01
2.30000000e+00,4.73683921e-07,7.42500000e+00,5.60840000e+01,1.05380000e+01,1.92680000e+01,6.68500000e+00,2.00000000e-01
2.40000000e+00,5.16351211e-07,8.64600000e+00,5.04950000e+01,1.16720000e+01,2.15300000e+01,7.65700000e+00,2.00000000e-01
2.50000000e+00,5.36055421e-07,1.05980000e+01,4.57970000e+01,1.25430000e+01,2.29050000e+01,8.15700000e+00,2.00000000e-01
2.60000000e+00,5.79743125e-07,1.30900000e+01,4.06290000e+01,1.45010000e+01,2.29930000e+01,8.78700000e+00,2.00000000e-01
2.70000000e+00,5.95167388e-07,1.61580000e+01,3.58630000e+01,1.65660000e+01,2.11180000e+01,1.02950000e+01,2.00000000e-01
2.80000000e+00,6.27009439e-07,1.63420000e+01,3.12950000e+01,1.53590000e+01,2.69360000e+01,1.00680000e+01,2.00000000e-01
2.90000000e+00,6.48968184e-07,1.82240000e+01,2.71660000e+01,1.62510000e+01,2.73630000e+01,1.09960000e+01,2.00000000e-01
3.00000000e+00,6.46867705e-07,1.79960000e+01,2.33700000e+01,1.48140000e+01,3.27370000e+01,1.10830000e+01,2.00000000e-01
3.10000000e+00,6.65845134e-07,1.81390000e+01,1.98970000e+01,1.37590000e+01,3.67350000e+01,1.14700000e+01,2.00000000e-01
3.20000000e+00,6.68465226e-07,1.85180000e+01,1.65010000e+01,1.26690000e+01,4.00470000e+01,1.22650000e+01,2.00000000e-01
3.30000000e+00,6.64612752e-07,1.98860000e+01,1.40490000e+01,1.33220000e+01,3.95260000e+01,1.32170000e+01,2.00000000e-01
3.40000000e+00,6.83163454e-07,2.10880000e+01,1.15760000e+01,1.26460000e+01,4.04190000e+01,1.42710000e+01,2.00000000e-01
3.50000000e+00,6.83925379e-07,2.02460000e+01,9.54700000e+00,1.15030000e+01,4.33370000e+01,1.53670000e+01,2.00000000e-01
3.60000000e+00,7.04857729e-07,2.20690000e+01,7.74100000e+00,1.13120000e+01,4.27400000e+01,1.61380000e+01,2.00000000e-01
3.70000000e+00,7.24008468e-07,2.18570000e+01,6.23900000e+00,9.60100000e+00,4.64010000e+01,1.59020000e+01,2.00000000e-01
3.80000000e+00,7.17117046e-07,2.17600000e+01,5.01200000e+00,8.78400000e+00,4.73650000e+01,1.70790000e+01,2.00000000e-01
3.90000000e+00,6.96287912e-07,2.27830000e+01,4.04100000e+00,9.43700000e+00,4.34370000e+01,2.03020000e+01,2.00000000e-01
4.00000000e+00,7.24003677e-07,2.31870000e+01,3.17500000e+00,8.03400000e+00,4.65160000e+01,1.90880000e+01,2.00000000e-01
4.10000000e+00,7.07839356e-07,2.40660000e+01,2.50700000e+00,7.68700000e+00,4.53190000e+01,2.04210000e+01,2.00000000e-01
4.20000000e+00,7.32541553e-07,2.56340000e+01,1.85700000e+00,7.05200000e+00,4.49680000e+01,2.04890000e+01,2.00000000e-01
4.30000000e+00,7.08215139e-07,2.47100000e+01,1.39800000e+00,6.26300000e+00,4.51160000e+01,2.25130000e+01,2.00000000e-01
4.40000000e+00,7.38667262e-07,2.69730000e+01,1.08600000e+00,6.10000000e+00,4.43990000e+01,2.14420000e+01,2.00000000e-01
4.50000000e+00,7.41557984e-07,2.83280000e+01,8.19000000e-01,5.79700000e+00,4.19900000e+01,2.30660000e+01,2.00000000e-01
4.60000000e+00,7.33829432e-07,2.73360000e+01,5.57000000e-01,4.91800000e+00,4.35320000e+01,2.36570000e+01,2.00000000e-01
4.70000000e+00,7.28739774e-07,2.85070000e+01,4.43000000e-01,5.71600000e+00,3.92620000e+01,2.60720000e+01,2.00000000e-01
4.80000000e+00,7.62548577e-07,2.98690000e+01,3.13000000e-01,4.44100000e+00,4.13220000e+01,2.40550000e+01,2.00000000e-01
4.90000000e+00,7.56675105e-07,2.98550000e+01,2.45000000e-01,4.35000000e+00,4.02410000e+01,2.53090000e+01,2.00000000e-01
5.00000000e+00,8.00635157e-07,3.23860000e+01,1.65000000e-01,4.46400000e+00,3.71810000e+01,2.58040000e+01,2.00000000e-01
5.10000000e+00,8.03829897e-07,3.15630000e+01,1.24000000e-01,4.11400000e+00,3.67000000e+01,2.74990000e+01,2.00000000e-01
5.20000000e+00,8.17840963e-07,3.09350000e+01,8.30000000e-02,3.86800000e+00,3.65980000e+01,2.85160000e+01,2.00000000e-01
5.30000000e+00,8.63666650e-07,3.40360000e+01,5.30000000e-02,3.67900000e+00,3.54780000e+01,2.67540000e+01,2.00000000e-01
5.40000000e+00,8.34794791e-07,3.25810000e+01,4.70000000e-02,3.22800000e+00,3.49720000e+01,2.91720000e+01,2.00000000e-01
5.50000000e+00,8.57770315e-07,3.43540000e+01,2.20000000e-02,3.20500000e+00,3.46530000e+01,2.77660000e+01,2.00000000e-01
5.60000000e+00,8.78873219e-07,3.39940000e+01,2.20000000e-02,3.25500000e+00,3.33150000e+01,2.94140000e+01,2.00000000e-01
5.70000000e+00,8.74798081e-07,3.56170000e+01,1.20000000e-02,3.31000000e+00,3.17710000e+01,2.92900000e+01,2.00000000e-01
5.80000000e+00,9.07310547e-07,3.55360000e+01,9.00000000e-03,3.11100000e+00,3.19250000e+01,2.94190000e+01,2.00000000e-01
5.90000000e+00,9.27060304e-07,3.57550000e+01,9.00000000e-03,2.60500000e+00,3.29710000e+01,2.86600000e+01,2.00000000e-01
6.00000000e+00,9.16649091e-07,3.73280000e+01,3.00000000e-03,2.73700000e+00,3.03990000e+01,2.95330000e+01,2.00000000e-01
6.10000000e+00,9.54798015e-07,3.67050000e+01,1.00000000e-03,2.32800000e+00,3.09550000e+01,3.00110000e+01,2.00000000e-01
1.60000000e+00,1.14236526e-07,1.90000000e-02,8.62450000e+01,1.37200000e+00,1.08950000e+01,1.46900000e+00,3.00000000e-01
1.70000000e+00,1.96512938e-07,9.70000000e-02,8.35140000e+01,1.94300000e+00,1.23150000e+01,2.13100000e+00,3.00000000e-01
1.80000000e+00,2.20924385e-07,2.81000000e-01,8.00960000e+01,2.91700000e+00,1.36940000e+01,3.01200000e+00,3.00000000e-01
1.90000000e+00,2.58118402e-07,6.42000000e-01,7.56170000e+01,4.14600000e+00,1.54400000e+01,4.15500000e+00,3.00000000e-01
2.00000000e+00,3.08815106e-07,1.75600000e+00,7.12570000e+01,5.57000000e+00,1.63930000e+01,5.02400000e+00,3.00000000e-01
2.10000000e+00,3.52308657e-07,2.59000000e+00,6.62140000e+01,7.11900000e+00,1.76700000e+01,6.40700000e+00,3.00000000e-01
2.20000000e+00,3.88668598e-07,3.76500000e+00,6.09240000e+01,8.36400000e+00,1.96870000e+01,7.26000000e+00,3.00000000e-01
2.30000000e+00,4.40254618e-07,5.87700000e+00,5.58230000e+01,1.03530000e+01,1.98810000e+01,8.06600000e+00,3.00000000e-01
2.40000000e+00,4.65254159e-07,7.03800000e+00,5.09110000e+01,1.19590000e+01,2.06370000e+01,9.45500000e+00,3.00000000e-01
2.50000000e+00,4.88839373e-07,8.83600000e+00,4.56610000e+01,1.34320000e+01,2.14700000e+01,1.06010000e+01,3.00000000e-01
2.60000000e+00,5.28643702e-07,1.09500000e+01,4.07370000e+01,1.52110000e+01,2.14380000e+01,1.16640000e+01,3.00000000e-01
2.70000000e+00,5.66269836e-07,1.29940000e+01,3.54470000e+01,1.54360000e+01,2.40910000e+01,1.20320000e+01,3.00000000e-01
2.80000000e+00,5.76116933e-07,1.46850000e+01,3.14810000e+01,1.71110000e+01,2.33690000e+01,1.33540000e+01,3.00000000e-01
2.90000000e+00,6.02780592e-07,1.50140000e+01,2.72230000e+01,1.54690000e+01,2.90340000e+01,1.32600000e+01,3.00000000e-01
3.00000000e+00,6.07448416e-07,1.49930000e+01,2.33950000e+01,1.43210000e+01,3.37360000e+01,1.35550000e+01,3.00000000e-01
3.10000000e+00,6.12995361e-07,1.57700000e+01,1.99820000e+01,1.42750000e+01,3.53720000e+01,1.46010000e+01,3.00000000e-01
3.20000000e+00,6.40156191e-07,1.52290000e+01,1.69510000e+01,1.22760000e+01,4.04800000e+01,1.50640000e+01,3.00000000e-01
3.30000000e+00,6.38671755e-07,1.63440000e+01,1.41800000e+01,1.19240000e+01,4.20130000e+01,1.55390000e+01,3.00000000e-01
3.40000000e+00,6.57740345e-07,1.76030000e+01,1.16080000e+01,1.21730000e+01,4.15600000e+01,1.70560000e+01,3.00000000e-01
3.50000000e+00,6.69041503e-07,1.84680000e+01,9.55700000e+00,1.24680000e+01,4.10850000e+01,1.84220000e+01,3.00000000e-01
3.60000000e+00,6.88181514e-07,1.87150000e+01,7.50800000e+00,1.06380000e+01,4.52530000e+01,1.78860000e+01,3.00000000e-01
3.70000000e+00,6.83506260e-07,1.79960000e+01,6.24400000e+00,9.34900000e+00,4.74020000e+01,1.90090000e+01,3.00000000e-01
3.80000000e+00,6.88128968e-07,1.83370000e+01,5.07900000e+00,8.94800000e+00,4.72480000e+01,2.03880000e+01,3.00000000e-01
3.90000000e+00,6.83026515e-07,1.82940000e+01,3.94500000e+00,7.70500000e+00,4.86510000e+01,2.14050000e+01,3.00000000e-01
4.00000000e+00,6.85374264e-07,1.89940000e+01,3.16300000e+00,7.64400000e+00,4.74340000e+01,2.27650000e+01,3.00000000e-01
4.10000000e+00,7.05607325e-07,2.15560000e+01,2.42200000e+00,8.37500000e+00,4.34800000e+01,2.41670000e+01,3.00000000e-01
4.20000000e+00,7.05549588e-07,2.19340000e+01,1.87900000e+00,7.27600000e+00,4.34190000e+01,2.54920000e+01,3.00000000e-01
4.30000000e+00,7.04652385e-07,2.17220000e+01,1.45200000e+00,6.34600000e+00,4.54730000e+01,2.50070000e+01,3.00000000e-01
4.40000000e+00,6.99931925e-07,2.24460000e+01,1.18800000e+00,6.40100000e+00,4.32410000e+01,2.67240000e+01,3.00000000e-01
4.50000000e+00,7.11961003e-07,2.23570000e+01,8.35000000e-01,5.08100000e+00,4.47510000e+01,2.69760000e+01,3.00000000e-01
4.60000000e+00,7.11347154e-07,2.36130000e+01,6.26000000e-01,5.84500000e+00,4.10870000e+01,2.88290000e+01,3.00000000e-01
4.70000000e+00,7.20262167e-07,2.41430000e+01,4.45000000e-01,4.81900000e+00,4.26080000e+01,2.79850000e+01,3.00000000e-01
4.80000000e+00,7.21614772e-07,2.57110000e+01,3.49000000e-01,5.11600000e+00,3.89100000e+01,2.99140000e+01,3.00000000e-01
4.90000000e+00,7.49586701e-07,2.65230000e+01,2.15000000e-01,4.57500000e+00,3.88610000e+01,2.98260000e+01,3.00000000e-01
5.00000000e+00,7.87326912e-07,2.76990000e+01,1.63000000e-01,4.39000000e+00,3.79500000e+01,2.97980000e+01,3.00000000e-01
5.10000000e+00,7.73229710e-07,2.72270000e+01,1.19000000e-01,3.83800000e+00,3.85520000e+01,3.02640000e+01,3.00000000e-01
5.20000000e+00,8.26454778e-07,2.82120000e+01,9.90000000e-02,3.69400000e+00,3.66610000e+01,3.13340000e+01,3.00000000e-01
5.30000000e+00,8.02672494e-07,2.81020000e+01,5.40000000e-02,3.35600000e+00,3.73310000e+01,3.11570000e+01,3.00000000e-01
5.40000000e+00,8.38433870e-07,2.91450000e+01,2.90000000e-02,3.28600000e+00,3.53860000e+01,3.21540000e+01,3.00000000e-01
5.50000000e+00,8.70502760e-07,3.02580000e+01,2.80000000e-02,3.24600000e+00,3.37300000e+01,3.27380000e+01,3.00000000e-01
5.60000000e+00,8.50721375e-07,3.04650000e+01,1.80000000e-02,3.20300000e+00,3.30640000e+01,3.32500000e+01,3.00000000e-01
5.70000000e+00,9.12116336e-07,3.04950000e+01,2.10000000e-02,2.83800000e+00,3.41070000e+01,3.25390000e+01,3.00000000e-01
5.80000000e+00,9.30403021e-07,3.30140000e+01,7.00000000e-03,3.19000000e+00,3.08800000e+01,3.29090000e+01,3.00000000e-01
5.90000000e+00,9.07772560e-07,3.15650000e+01,7.00000000e-03,2.63200000e+00,3.21010000e+01,3.36950000e+01,3.00000000e-01
6.00000000e+00,9.04151525e-07,3.29610000e+01,6.00000000e-03,2.92800000e+00,3.04510000e+01,3.36540000e+01,3.00000000e-01
6.10000000e+00,9.30163278e-07,3.33340000e+01,1.00000000e-03,3.00900000e+00,2.82490000e+01,3.54070000e+01,3.00000000e-01
1.70000000e+00,2.05947099e-07,9.00000000e-03,8.32950000e+01,1.83200000e+00,1.27320000e+01,2.13200000e+00,4.00000000e-01
1.80000000e+00,1.79581869e-07,1.27000000e-01,7.98380000e+01,2.96300000e+00,1.38080000e+01,3.26400000e+00,4.00000000e-01
1.90000000e+00,2.34018912e-07,3.39000000e-01,7.56730000e+01,4.08000000e+00,1.54430000e+01,4.46500000e+00,4.00000000e-01
2.00000000e+00,2.70578536e-07,7.51000000e-01,7.13200000e+01,5.52600000e+00,1.65300000e+01,5.87300000e+00,4.00000000e-01
2.10000000e+00,3.11733767e-07,1.49500000e+00,6.63050000e+01,6.68400000e+00,1.86400000e+01,6.87600000e+00,4.00000000e-01
2.20000000e+00,3.51526072e-07,3.09800000e+00,6.13670000e+01,9.41200000e+00,1.74210000e+01,8.70200000e+00,4.00000000e-01
2.30000000e+00,3.87067979e-07,3.78700000e+00,5.57230000e+01,9.55400000e+00,2.18560000e+01,9.08000000e+00,4.00000000e-01
2.40000000e+00,4.32331561e-07,5.89300000e+00,5.09430000e+01,1.22630000e+01,1.97290000e+01,1.11720000e+01,4.00000000e-01
2.50000000e+00,4.76055903e-07,7.78100000e+00,4.53900000e+01,1.35490000e+01,2.11730000e+01,1.21070000e+01,4.00000000e-01
2.60000000e+00,4.95204994e-07,9.68100000e+00,4.05880000e+01,1.61610000e+01,1.95780000e+01,1.39920000e+01,4.00000000e-01
2.70000000e+00,5.14321769e-07,1.02080000e+01,3.61140000e+01,1.52570000e+01,2.39750000e+01,1.44460000e+01,4.00000000e-01
2.80000000e+00,5.50600208e-07,1.23150000e+01,3.12960000e+01,1.66040000e+01,2.44510000e+01,1.53340000e+01,4.00000000e-01
2.90000000e+00,5.61537217e-07,1.30070000e+01,2.72580000e+01,1.60860000e+01,2.79320000e+01,1.57170000e+01,4.00000000e-01
3.00000000e+00,5.76773045e-07,1.29710000e+01,2.34760000e+01,1.40300000e+01,3.42610000e+01,1.52620000e+01,4.00000000e-01
3.10000000e+00,5.95297607e-07,1.32410000e+01,1.98080000e+01,1.30480000e+01,3.78860000e+01,1.60170000e+01,4.00000000e-01
3.20000000e+00,6.01084941e-07,1.31370000e+01,1.66900000e+01,1.21000000e+01,4.07660000e+01,1.73070000e+01,4.00000000e-01
3.30000000e+00,6.07524528e-07,1.41930000e+01,1.41190000e+01,1.24820000e+01,4.07340000e+01,1.84720000e+01,4.00000000e-01
3.40000000e+00,6.25200328e-07,1.51390000e+01,1.16430000e+01,1.22600000e+01,4.16050000e+01,1.93530000e+01,4.00000000e-01
3.50000000e+00,6.34423223e-07,1.48350000e+01,9.73400000e+00,1.14210000e+01,4.32490000e+01,2.07610000e+01,4.00000000e-01
3.60000000e+00,6.71095263e-07,1.57760000e+01,7.76700000e+00,1.06730000e+01,4.50560000e+01,2.07280000e+01,4.00000000e-01
3.70000000e+00,6.73445143e-07,1.63910000e+01,6.27900000e+00,9.85700000e+00,4.57570000e+01,2.17160000e+01,4.00000000e-01
3.80000000e+00,6.94411374e-07,1.61520000e+01,5.03800000e+00,8.13300000e+00,4.88690000e+01,2.18080000e+01,4.00000000e-01
3.90000000e+00,6.65487575e-07,1.64250000e+01,4.11900000e+00,9.12000000e+00,4.50620000e+01,2.52740000e+01,4.00000000e-01
4.00000000e+00,6.89671724e-07,1.62650000e+01,3.05700000e+00,7.10900000e+00,4.95990000e+01,2.39700000e+01,4.00000000e-01
4.10000000e+00,6.90339869e-07,1.78400000e+01,2.52000000e+00,7.53200000e+00,4.55680000e+01,2.65400000e+01,4.00000000e-01
4.20000000e+00,6.70954459e-07,1.71180000e+01,1.87500000e+00,6.95900000e+00,4.65080000e+01,2.75400000e+01,4.00000000e-01
4.30000000e+00,6.65115525e-07,1.93780000e+01,1.38500000e+00,7.74700000e+00,4.07700000e+01,3.07200000e+01,4.00000000e-01
4.40000000e+00,6.86775255e-07,1.89850000e+01,1.11600000e+00,6.24000000e+00,4.37470000e+01,2.99120000e+01,4.00000000e-01
4.50000000e+00,7.03435775e-07,2.07800000e+01,7.75000000e-01,6.36300000e+00,4.17370000e+01,3.03450000e+01,4.00000000e-01
4.60000000e+00,7.27586939e-07,2.17230000e+01,6.59000000e-01,5.65800000e+00,4.08420000e+01,3.11180000e+01,4.00000000e-01
4.70000000e+00,7.12051785e-07,2.19390000e+01,4.75000000e-01,5.41000000e+00,4.00530000e+01,3.21230000e+01,4.00000000e-01
4.80000000e+00,7.15150356e-07,2.12440000e+01,3.26000000e-01,4.64400000e+00,4.03470000e+01,3.34390000e+01,4.00000000e-01
4.90000000e+00,7.34673657e-07,2.28130000e+01,2.28000000e-01,4.29700000e+00,4.00570000e+01,3.26050000e+01,4.00000000e-01
5.00000000e+00,7.43979289e-07,2.35210000e+01,1.75000000e-01,4.83500000e+00,3.71200000e+01,3.43490000e+01,4.00000000e-01
5.10000000e+00,7.83827875e-07,2.42370000e+01,1.19000000e-01,4.21200000e+00,3.62080000e+01,3.52240000e+01,4.00000000e-01
5.20000000e+00,8.16517502e-07,2.51360000e+01,9.30000000e-02,3.67600000e+00,3.78910000e+01,3.32040000e+01,4.00000000e-01
5.30000000e+00,8.05406181e-07,2.48810000e+01,6.40000000e-02,3.70200000e+00,3.56120000e+01,3.57410000e+01,4.00000000e-01
5.40000000e+00,8.40558298e-07,2.51760000e+01,4.20000000e-02,2.73600000e+00,3.70940000e+01,3.49520000e+01,4.00000000e-01
5.50000000e+00,8.57688343e-07,2.71950000e+01,2.60000000e-02,3.24100000e+00,3.34610000e+01,3.60770000e+01,4.00000000e-01
5.60000000e+00,8.62756309e-07,2.73370000e+01,2.10000000e-02,3.90400000e+00,3.03130000e+01,3.84250000e+01,4.00000000e-01
5.70000000e+00,8.57375863e-07,2.75380000e+01,2.00000000e-02,3.01700000e+00,3.29620000e+01,3.64630000e+01,4.00000000e-01
5.80000000e+00,8.72617167e-07,2.80120000e+01,7.00000000e-03,3.05900000e+00,3.09710000e+01,3.79510000e+01,4.00000000e-01
5.90000000e+00,9.39119611e-07,2.97500000e+01,9.00000000e-03,2.87500000e+00,3.10340000e+01,3.63320000e+01,4.00000000e-01
6.00000000e+00,9.26202708e-07,2.90450000e+01,1.00000000e-03,2.76700000e+00,2.94010000e+01,3.87860000e+01,4.00000000e-01
6.10000000e+00,9.16799900e-07,2.95140000e+01,3.00000000e-03,2.46800000e+00,2.96190000e+01,3.83960000e+01,4.00000000e-01
1.80000000e+00,1.15281830e-07,8.00000000e-03,7.96890000e+01,3.62000000e+00,1.25300000e+01,4.15300000e+00,5.00000000e-01
1.90000000e+00,1.68039555e-07,7.40000000e-02,7.57250000e+01,3.87200000e+00,1.58210000e+01,4.50800000e+00,5.00000000e-01
2.00000000e+00,2.32299764e-07,3.11000000e-01,7.11960000e+01,5.32300000e+00,1.67820000e+01,6.38800000e+00,5.00000000e-01
2.10000000e+00,2.85107006e-07,8.81000000e-01,6.63320000e+01,6.86700000e+00,1.81710000e+01,7.74900000e+00,5.00000000e-01
2.20000000e+00,3.04895990e-07,1.79300000e+00,6.10490000e+01,8.22300000e+00,1.99920000e+01,8.94300000e+00,5.00000000e-01
2.30000000e+00,3.49204022e-07,3.20200000e+00,5.58390000e+01,1.06220000e+01,1.92430000e+01,1.10940000e+01,5.00000000e-01
2.40000000e+00,3.91293392e-07,4.46900000e+00,5.02240000e+01,1.16870000e+01,2.15150000e+01,1.21050000e+01,5.00000000e-01
2.50000000e+00,4.13275460e-07,5.82000000e+00,4.56580000e+01,1.39480000e+01,2.01630000e+01,1.44110000e+01,5.00000000e-01
2.60000000e+00,4.55159654e-07,7.42800000e+00,4.07170000e+01,1.55590000e+01,2.07490000e+01,1.55470000e+01,5.00000000e-01
2.70000000e+00,4.79876978e-07,9.45200000e+00,3.58720000e+01,1.61230000e+01,2.24260000e+01,1.61270000e+01,5.00000000e-01
2.80000000e+00,5.06364352e-07,9.08000000e+00,3.14770000e+01,1.52370000e+01,2.71690000e+01,1.70370000e+01,5.00000000e-01
2.90000000e+00,5.31553852e-07,1.13680000e+01,2.70960000e+01,1.61260000e+01,2.79510000e+01,1.74590000e+01,5.00000000e-01
3.00000000e+00,5.54902001e-07,1.11680000e+01,2.33450000e+01,1.45860000e+01,3.32790000e+01,1.76220000e+01,5.00000000e-01
3.10000000e+00,5.59924684e-07,1.13310000e+01,1.99210000e+01,1.32710000e+01,3.76250000e+01,1.78520000e+01,5.00000000e-01
3.20000000e+00,5.66061546e-07,1.14520000e+01,1.66380000e+01,1.22340000e+01,4.12940000e+01,1.83820000e+01,5.00000000e-01
3.30000000e+00,5.87813695e-07,1.20870000e+01,1.40290000e+01,1.24620000e+01,4.09430000e+01,2.04790000e+01,5.00000000e-01
3.40000000e+00,5.96264919e-07,1.29930000e+01,1.16310000e+01,1.26090000e+01,4.12390000e+01,2.15280000e+01,5.00000000e-01
3.50000000e+00,6.17386960e-07,1.32630000e+01,9.54000000e+00,1.19430000e+01,4.24090000e+01,2.28450000e+01,5.00000000e-01
3.60000000e+00,6.27927607e-07,1.32420000e+01,7.76600000e+00,1.06440000e+01,4.47840000e+01,2.35640000e+01,5.00000000e-01
3.70000000e+00,6.28478847e-07,1.37280000e+01,6.37500000e+00,1.02810000e+01,4.47520000e+01,2.48640000e+01,5.00000000e-01
3.80000000e+00,6.34540066e-07,1.39200000e+01,4.97300000e+00,9.57100000e+00,4.44570000e+01,2.70790000e+01,5.00000000e-01
3.90000000e+00,6.87394036e-07,1.44780000e+01,4.04100000e+00,7.91200000e+00,4.81260000e+01,2.54430000e+01,5.00000000e-01
4.00000000e+00,6.45065085e-07,1.38890000e+01,3.12100000e+00,7.76200000e+00,4.69470000e+01,2.82810000e+01,5.00000000e-01
4.10000000e+00,6.83795554e-07,1.51450000e+01,2.52000000e+00,7.47100000e+00,4.60470000e+01,2.88170000e+01,5.00000000e-01
4.20000000e+00,6.93513270e-07,1.62580000e+01,1.93000000e+00,6.96400000e+00,4.50960000e+01,2.97520000e+01,5.00000000e-01
4.30000000e+00,6.98749354e-07,1.72150000e+01,1.45500000e+00,6.88200000e+00,4.26190000e+01,3.18290000e+01,5.00000000e-01
4.40000000e+00,6.64493683e-07,1.65500000e+01,1.06500000e+00,6.26100000e+00,4.30760000e+01,3.30480000e+01,5.00000000e-01
4.50000000e+00,7.19885304e-07,1.75800000e+01,8.05000000e-01,5.22600000e+00,4.45040000e+01,3.18850000e+01,5.00000000e-01
4.60000000e+00,7.16537922e-07,1.85710000e+01,6.42000000e-01,5.81700000e+00,4.15350000e+01,3.34350000e+01,5.00000000e-01
4.70000000e+00,7.01561656e-07,1.88490000e+01,4.77000000e-01,5.38400000e+00,3.96170000e+01,3.56730000e+01,5.00000000e-01
4.80000000e+00,7.02279997e-07,1.83960000e+01,3.48000000e-01,4.59200000e+00,4.14950000e+01,3.51690000e+01,5.00000000e-01
4.90000000e+00,7.30569440e-07,2.02360000e+01,2.26000000e-01,5.38900000e+00,3.64550000e+01,3.76940000e+01,5.00000000e-01
5.00000000e+00,7.19348557e-07,2.02060000e+01,1.65000000e-01,4.80200000e+00,3.71410000e+01,3.76860000e+01,5.00000000e-01
5.10000000e+00,7.98862034e-07,2.18240000e+01,1.16000000e-01,4.26800000e+00,3.64230000e+01,3.73690000e+01,5.00000000e-01
5.20000000e+00,8.24167247e-07,2.33370000e+01,1.08000000e-01,4.08700000e+00,3.46690000e+01,3.77990000e+01,5.00000000e-01
5.30000000e+00,8.06595664e-07,2.27380000e+01,6.30000000e-02,4.25500000e+00,3.30990000e+01,3.98450000e+01,5.00000000e-01
5.40000000e+00,8.35651128e-07,2.28920000e+01,5.70000000e-02,3.45300000e+00,3.56810000e+01,3.79170000e+01,5.00000000e-01
5.50000000e+00,8.36078979e-07,2.35330000e+01,2.20000000e-02,3.52700000e+00,3.37220000e+01,3.91960000e+01,5.00000000e-01
5.60000000e+00,8.43220345e-07,2.43850000e+01,1.70000000e-02,3.04600000e+00,3.27380000e+01,3.98140000e+01,5.00000000e-01
5.70000000e+00,8.59598629e-07,2.45090000e+01,1.30000000e-02,3.46600000e+00,3.10990000e+01,4.09130000e+01,5.00000000e-01
5.80000000e+00,8.88529024e-07,2.54890000e+01,9.00000000e-03,2.96200000e+00,3.13760000e+01,4.01640000e+01,5.00000000e-01
5.90000000e+00,9.30776951e-07,2.62240000e+01,4.00000000e-03,2.72800000e+00,3.02980000e+01,4.07460000e+01,5.00000000e-01
6.00000000e+00,9.05781521e-07,2.60310000e+01,2.00000000e-03,2.87800000e+00,2.95150000e+01,4.15740000e+01,5.00000000e-01
6.10000000e+00,9.31695287e-07,2.62540000e+01,2.00000000e-03,2.64900000e+00,2.96450000e+01,4.14500000e+01,5.00000000e-01
1.90000000e+00,1.04424685e-07,2.50000000e-02,7.58100000e+01,4.19000000e+00,1.51280000e+01,4.84700000e+00,6.00000000e-01
2.00000000e+00,1.80160840e-07,1.48000000e-01,7.10450000e+01,5.79400000e+00,1.60700000e+01,6.94300000e+00,6.00000000e-01
2.10000000e+00,2.20079169e-07,4.91000000e-01,6.61870000e+01,7.43400000e+00,1.69810000e+01,8.90700000e+00,6.00000000e-01
2.20000000e+00,2.86031914e-07,1.17400000e+00,6.10340000e+01,9.18000000e+00,1.79660000e+01,1.06460000e+01,6.00000000e-01
